x
-1 1
1 0 100
2 0 96
3 0 94
4 0 149
5 0 111
6 0 178
7 0 109
8 0 72
9 0 114
10 0 61
11 0 58
12 0 61
13 0 54
14 0 58
15 0 51
16 0 62
17 0 51
18 0 49
19 0 50
20 0 46
21 0 52
22 0 43
23 0 48
24 0 41
25 0 47
26 0 51
27 0 52
28 0 47
29 0 42
30 0 49
31 0 51
32 0 52
33 0 48
34 0 55
35 0 78
36 1 72
37 1 86
38 2 100
39 1 112
40 1 138
41 1 152
42 1 171
43 2 195
44 1 210
45 2 214
46 1 235
47 2 228
48 2 237
49 1 246
50 2 241
51 2 250
52 1 232
53 0 226
54 3 214
55 3 209
56 1 199
57 3 181
58 4 3298
59 4 159
60 5 151
61 4 157
62 4 124
63 3 122
64 3 116
65 2 127
66 3 115
67 6 102
68 1 100
69 4 99
70 5 105
71 8 94
72 6 104
73 10 91
74 2 96
75 1 98
76 6 91
77 5 95
78 3 92
79 3 98
80 2 99
81 2 87
82 1 94
83 1 88
84 0 94
85 1 81
86 1 90
87 0 90
88 0 85
89 0 86
90 0 87
91 0 84
92 0 87
93 0 89
94 0 86
95 0 74
96 0 78
97 0 75
98 0 72
99 0 79
100 0 77
101 0 77
102 0 68
103 0 68
104 0 69
105 0 65
106 0 70
107 0 72
108 0 140
109 0 67
110 0 66
111 0 144
112 0 63
113 0 67
114 0 68
115 0 62
116 0 66
117 0 62
118 0 62
119 0 62
120 0 61
121 0 65
122 0 62
123 0 73
124 0 65
125 0 66
126 0 69
127 0 81
128 0 62
129 0 71
130 0 70
131 0 74
132 0 71
133 0 78
134 0 75
135 0 92
136 0 82
137 0 84
138 0 90
139 0 88
140 0 98
141 0 116
142 0 111
143 0 112
144 0 118
145 0 120
146 0 111
147 0 138
148 0 135
149 0 139
150 0 149
151 0 166
152 0 177
153 0 149
154 0 157
155 0 148
156 0 157
157 0 160
158 0 146
159 0 117
160 0 117
161 0 114
162 0 113
163 0 91
164 0 92
165 0 90
166 0 70
167 0 68
168 0 77
169 0 78
170 0 218
171 0 59
172 0 55
173 0 43
174 0 46
175 0 43
176 0 46
177 0 33
178 0 40
179 0 26
180 0 26
181 0 19
182 0 15
183 0 13
184 0 21
185 0 15
186 0 6
207 0 1
208 0 2
209 0 3
210 0 2
211 0 4
212 0 3
213 0 4
214 0 5
215 0 4
216 0 10
217 0 21
218 0 139
219 0 86
220 0 84
221 0 120
222 1 160
223 2 235
224 5 283
225 6 417
226 15 784
227 19 1473
228 12 1742
229 33 803
230 37 447
231 59 369
232 49 325
233 34 297
234 32 307
235 22 306
236 15 313
237 17 265
238 14 249
239 10 242
240 8 231
241 8 237
242 8 211
243 7 222
244 3 223
245 2 219
246 4 221
247 2 203
248 1 199
249 0 206
250 1 208
251 1 190
252 0 175
253 0 157
254 0 158
255 0 150
256 0 129
257 0 119
258 0 114
259 0 114
260 0 102
261 0 86
262 0 78
263 0 68
264 0 72
265 0 60
266 0 53
267 0 46
268 0 43
269 0 36
270 0 31
271 0 29
272 0 26
273 0 23
274 0 22
275 0 18
276 0 17
277 0 14
278 0 11
279 0 10
280 0 9
281 0 9
282 0 10
283 0 8
284 0 6
285 0 8
286 0 4
287 0 6
288 0 9
289 0 6
290 0 9
291 0 3288
292 0 6
293 0 5
294 0 4
295 0 7
296 0 4
297 0 5
298 0 4
299 0 6
300 0 5
301 0 3
302 0 4
303 0 4
304 0 3
305 0 2
306 0 2
307 0 1
308 0 1
312 0 1
314 0 1
315 0 1
321 0 1
401 0 127
402 0 150
403 0 155
404 0 211
405 0 182
406 0 219
407 0 128
408 0 141
409 0 136
410 0 113
411 0 94
412 0 101
413 0 84
414 0 92
415 0 87
416 0 95
417 0 84
418 0 90
419 0 87
420 0 97
421 0 96
422 0 96
423 0 89
424 0 96
425 0 99
426 0 93
427 0 94
428 0 101
429 0 101
430 1 90
431 3 100
432 2 101
433 2 101
434 3 111
435 3 103
436 2 107
437 5 119
438 2 125
439 3 123
440 5 144
441 2 159
442 6 190
443 7 206
444 6 215
445 3 225
446 11 240
447 5 242
448 3 259
449 4 247
450 4 246
451 4 254
452 3 237
453 10 233
454 1 219
455 11 198
456 11 194
457 4 169
458 15 3299
459 13 160
460 11 140
461 2 150
462 3 133
463 6 116
464 2 111
465 8 114
466 9 122
467 2 103
468 8 105
469 5 108
470 16 103
471 11 105
472 7 106
473 9 95
474 4 92
475 6 93
476 5 90
477 3 89
478 1 94
479 1 87
480 2 86
481 2 91
482 2 99
483 1 89
484 0 88
485 0 93
486 0 80
487 0 79
488 0 77
489 0 85
490 0 84
491 0 76
492 0 70
493 0 72
494 0 72
495 0 79
496 0 72
497 0 75
498 0 63
499 0 69
500 0 71
501 0 71
502 0 69
503 0 116
504 0 69
505 0 63
506 0 58
507 0 124
508 0 59
509 0 63
510 0 62
511 0 59
512 0 58
513 0 59
514 0 54
515 0 56
516 0 59
517 0 57
518 0 67
519 0 58
520 0 65
521 0 55
522 0 60
523 0 69
524 0 57
525 0 60
526 0 57
527 0 66
528 0 71
529 0 69
530 0 65
531 0 69
532 0 70
533 0 64
534 0 70
535 0 68
536 0 67
537 0 79
538 0 72
539 0 78
540 0 81
541 0 75
542 0 83
543 0 90
544 0 100
545 0 89
546 0 113
547 0 124
548 0 138
549 0 146
550 0 129
551 0 99
552 0 101
553 0 74
554 0 67
555 0 63
556 0 75
557 0 68
558 0 58
559 0 53
560 0 47
561 0 41
562 0 53
563 0 43
564 0 41
565 0 35
566 0 144
567 0 37
568 0 35
569 0 37
570 0 29
571 0 34
572 0 30
573 0 24
574 0 35
575 0 28
576 0 30
577 0 20
578 0 25
579 0 25
580 0 17
581 0 23
582 0 19
583 0 21
584 0 18
585 0 13
586 0 1
602 0 130
603 0 147
604 0 135
605 0 112
606 0 220
607 0 195
608 0 311
609 0 296
610 0 306
611 0 270
612 0 268
613 0 242
614 0 223
615 0 227
616 0 223
617 0 239
618 0 217
619 0 217
620 0 225
621 0 236
622 0 235
623 0 243
624 0 252
625 0 277
626 0 282
627 0 315
628 0 341
629 0 330
630 0 325
631 0 374
632 0 489
633 1 506
634 1 577
635 4 267
636 5 252
637 3 231
638 13 216
639 11 224
640 11 222
641 11 189
642 9 203
643 4 214
644 2 194
645 4 195
646 1 190
647 0 198
648 0 187
649 0 197
650 0 199
651 0 215
652 0 203
653 0 213
654 0 225
655 0 245
656 0 219
657 0 240
658 0 228
659 0 238
660 0 227
661 0 231
662 0 224
663 0 212
664 0 204
665 0 199
666 0 174
667 0 178
668 0 154
669 0 145
670 0 130
671 0 114
672 0 111
673 0 3288
674 0 74
675 0 66
676 0 60
677 0 52
678 0 43
679 0 38
680 0 30
681 0 28
682 0 21
683 0 19
684 0 15
685 0 16
686 0 13
687 0 9
688 0 8
689 0 7
690 0 5
691 0 6
692 0 4
693 0 3
694 0 3
695 0 3
696 0 3
697 0 2
698 0 1
699 0 2
700 0 3
701 0 2
702 0 1
703 0 1
704 0 1
705 0 2
706 0 1
707 0 1
708 0 1
709 0 1
710 0 1
712 0 1
713 0 1
802 0 130
803 0 147
804 0 79
805 0 130
806 0 109
807 0 193
808 0 123
809 0 186
810 0 178
811 0 181
812 0 194
813 0 180
814 0 161
815 0 151
816 0 161
817 0 150
818 0 140
819 0 162
820 0 156
821 0 158
822 0 156
823 0 149
824 0 141
825 0 162
826 0 155
827 0 140
828 0 145
829 0 137
830 0 149
831 0 137
832 0 148
833 2 134
834 3 148
835 6 137
836 10 147
837 6 145
838 12 128
839 7 136
840 6 131
841 13 145
842 16 138
843 17 143
844 12 154
845 17 179
846 13 186
847 22 192
848 11 189
849 8 203
850 11 214
851 10 221
852 17 233
853 15 238
854 21 244
855 15 221
856 16 238
857 4 234
858 17 216
859 13 210
860 8 202
861 3 192
862 15 181
863 15 168
864 13 174
865 15 163
866 10 150
867 12 151
868 10 171
869 17 168
870 8 200
871 3 196
872 10 212
873 8 199
874 6 204
875 4 220
876 3 255
877 5 250
878 2 174
879 1 91
880 1 88
881 1 85
882 0 79
883 0 67
884 0 82
885 0 64
886 0 63
887 0 63
888 0 51
889 0 51
890 0 46
891 0 3291
892 0 114
893 0 45
894 0 43
895 0 119
896 0 86
897 0 67
898 0 37
899 0 33
900 0 29
901 0 27
902 0 28
903 0 31
904 0 23
905 0 21
906 0 20
907 0 23
908 0 25
909 0 18
910 0 18
911 0 19
912 0 16
913 0 19
914 0 17
915 0 17
916 0 20
917 0 18
918 0 12
919 0 17
920 0 17
921 0 13
922 0 14
923 0 9
924 0 12
925 0 11
926 0 9
927 0 11
928 0 10
929 0 16
930 0 15
931 0 8
932 0 5
933 0 2
1001 0 3455
1002 0 1042
1003 0 1165
1004 0 850
1005 0 665
1006 0 600
1007 0 573
1008 0 560
1009 0 482
1010 0 451
1011 0 447
1012 0 399
1013 0 371
1014 0 373
1015 0 356
1016 0 322
1017 0 338
1018 0 302
1019 0 302
1020 0 299
1021 0 278
1022 0 263
1023 0 251
1024 0 227
1025 0 235
1026 0 212
1027 0 209
1028 0 226
1029 0 226
1030 0 207
1031 0 200
1032 0 230
1033 0 185
1034 0 185
1035 0 192
1036 0 190
1037 0 183
1038 0 176
1039 0 192
1040 0 200
1041 0 203
1042 0 203
1043 0 205
1044 0 212
1045 0 223
1046 0 212
1047 0 225
1048 0 212
1049 0 228
1050 0 210
1051 0 212
1052 0 194
1053 0 187
1054 0 190
1055 0 174
1056 0 163
1057 0 157
1058 0 142
1059 0 136
1060 0 130
1061 0 120
1062 0 102
1063 0 99
1064 0 85
1065 0 79
1066 0 86
1067 0 67
1068 0 54
1069 0 53
1070 0 50
1071 0 45
1072 0 38
1073 0 43
1074 0 34
1075 0 31
1076 0 26
1077 0 29
1078 0 18
1079 0 16
1080 0 17
1081 0 13
1082 0 13
1083 0 12
1084 0 10
1085 0 10
1086 0 9
1087 0 7
1088 0 9
1089 0 9
1090 0 5
1091 0 5
1092 0 5
1093 0 4
1094 0 2
1095 0 4
1096 0 2
1097 0 2
1098 0 3
1099 0 2
1100 0 2
1101 0 2
1102 0 2
1103 0 1
1104 0 1
1105 0 1
1106 0 1
1107 0 1
1108 0 1
1110 0 1
1111 0 1
1117 0 1
1202 0 102
1203 0 87
1204 0 73
1205 0 68
1206 0 90
1207 0 101
1208 0 74
1209 0 110
1210 0 90
1211 0 92
1212 0 98
1213 0 81
1214 0 89
1215 0 110
1216 0 81
1217 0 79
1218 0 81
1219 0 77
1220 0 69
1221 0 67
1222 0 75
1223 0 70
1224 0 75
1225 0 70
1226 0 70
1227 0 67
1228 0 72
1229 0 76
1230 0 77
1231 0 78
1232 0 75
1233 0 76
1234 1 80
1235 2 83
1236 3 88
1237 4 89
1238 6 89
1239 5 92
1240 4 90
1241 6 89
1242 5 102
1243 4 127
1244 8 126
1245 10 142
1246 10 166
1247 8 180
1248 11 190
1249 5 204
1250 10 201
1251 4 216
1252 11 224
1253 18 231
1254 17 220
1255 11 227
1256 8 241
1257 13 223
1258 12 210
1259 11 202
1260 12 216
1261 5 187
1262 10 184
1263 21 187
1264 18 185
1265 16 188
1266 17 175
1267 21 207
1268 12 207
1269 13 228
1270 13 227
1271 23 240
1272 8 233
1273 10 248
1274 12 291
1275 25 259
1276 21 275
1277 8 316
1278 6 313
1279 6 275
1280 8 215
1281 4 131
1282 5 115
1283 2 103
1284 0 111
1285 0 98
1286 1 97
1287 0 101
1288 0 103
1289 0 87
1290 0 90
1291 0 3298
1292 0 83
1293 0 82
1294 0 87
1295 0 79
1296 0 143
1297 0 86
1298 0 81
1299 0 275
1300 0 125
1301 0 69
1302 0 65
1303 0 61
1304 0 62
1305 0 58
1306 0 50
1307 0 56
1308 0 49
1309 0 58
1310 0 43
1311 0 43
1312 0 43
1313 0 34
1314 0 34
1315 0 38
1316 0 35
1317 0 34
1318 0 30
1319 0 35
1320 0 25
1321 0 25
1322 0 26
1323 0 16
1324 0 21
1325 0 16
1326 0 17
1327 0 21
1328 0 16
1329 0 18
1330 0 16
1331 0 15
1332 0 9
1333 0 7
1334 0 11
1335 0 6
1336 0 4
1402 0 188
1403 0 173
1404 0 140
1405 0 292
1406 0 605
1407 0 1423
1408 0 1311
1409 0 764
1410 0 646
1411 0 578
1412 0 537
1413 0 507
1414 0 507
1415 0 411
1416 0 396
1417 0 374
1418 0 365
1419 0 340
1420 0 349
1421 0 332
1422 0 327
1423 0 297
1424 1 288
1425 1 249
1426 1 257
1427 0 222
1428 0 221
1429 0 220
1430 0 249
1431 0 225
1432 0 224
1433 0 209
1434 0 199
1435 0 195
1436 0 199
1437 0 185
1438 0 182
1439 0 203
1440 0 186
1441 0 204
1442 0 202
1443 0 207
1444 0 206
1445 0 217
1446 0 212
1447 0 212
1448 0 215
1449 0 213
1450 0 209
1451 0 224
1452 0 198
1453 0 200
1454 0 179
1455 0 190
1456 0 177
1457 0 159
1458 0 3288
1459 0 138
1460 0 128
1461 0 139
1462 0 120
1463 0 105
1464 0 95
1465 0 83
1466 0 83
1467 0 69
1468 0 62
1469 0 67
1470 0 54
1471 0 46
1472 0 36
1473 0 36
1474 0 37
1475 0 32
1476 0 31
1477 0 26
1478 0 21
1479 0 17
1480 0 19
1481 0 19
1482 0 16
1483 0 13
1484 0 9
1485 0 8
1486 0 11
1487 0 9
1488 0 7
1489 0 6
1490 0 5
1491 0 5
1492 0 5
1493 0 4
1494 0 5
1495 0 2
1496 0 4
1497 0 3
1498 0 2
1499 0 2
1500 0 2
1501 0 1
1502 0 2
1503 0 1
1504 0 1
1506 0 2
1507 0 1
1509 0 1
1510 0 1
1516 0 1
1601 0 3825
1602 0 275
1603 0 281
1604 0 287
1605 0 314
1606 0 333
1607 0 342
1608 0 329
1609 0 310
1610 0 303
1611 0 293
1612 1 305
1613 4 286
1614 8 286
1615 11 283
1616 21 283
1617 19 262
1618 29 257
1619 21 266
1620 16 238
1621 11 230
1622 19 221
1623 31 228
1624 22 239
1625 28 228
1626 20 223
1627 9 232
1628 16 239
1629 9 241
1630 18 249
1631 22 248
1632 15 248
1633 22 239
1634 16 251
1635 18 233
1636 15 238
1637 17 204
1638 3 196
1639 7 196
1640 8 188
1641 11 176
1642 8 183
1643 3 197
1644 2 207
1645 4 209
1646 3 237
1647 4 293
1648 2 329
1649 1 187
1650 1 83
1651 0 68
1652 0 59
1653 0 54
1654 0 46
1655 0 44
1656 0 46
1657 0 35
1658 0 35
1659 0 24
1660 0 33
1661 0 28
1662 0 20
1663 0 25
1664 0 21
1665 0 22
1666 0 23
1667 0 16
1668 0 14
1669 0 14
1670 0 23
1671 0 12
1672 0 17
1673 0 13
1674 0 11
1675 0 108
1676 0 10
1677 0 15
1678 0 103
1679 0 9
1680 0 9
1681 0 6
1682 0 31
1683 0 8
1684 0 8
1685 0 5
1686 0 5
1687 0 6
1688 0 30
1689 0 57
1690 0 33
1691 0 5
1692 0 4
1693 0 4
1694 0 4
1695 0 5
1696 0 17
1697 0 15
1698 0 5
1699 0 3
1700 0 3
1701 0 4
1702 0 4
1703 0 3
1704 0 4
1705 0 4
1706 0 4
1707 0 8
1708 0 5
1709 0 3
1710 0 5
1711 0 3
1712 0 3
1713 0 2
1714 0 3
1715 0 1
1716 0 1
1717 0 1
1719 0 2
1801 0 3306
1802 0 1018
1803 0 1300
1804 0 909
1805 0 699
1806 0 622
1807 0 609
1808 0 551
1809 0 544
1810 0 521
1811 0 444
1812 0 420
1813 0 378
1814 0 381
1815 0 339
1816 0 327
1817 0 309
1818 0 320
1819 2 310
1820 0 308
1821 0 277
1822 0 254
1823 0 260
1824 0 270
1825 0 231
1826 0 220
1827 0 231
1828 0 221
1829 0 219
1830 0 218
1831 0 204
1832 0 208
1833 0 216
1834 0 209
1835 0 235
1836 0 211
1837 0 222
1838 0 210
1839 0 224
1840 0 225
1841 0 224
1842 0 200
1843 0 199
1844 0 205
1845 0 182
1846 0 200
1847 0 168
1848 0 152
1849 0 148
1850 0 143
1851 0 131
1852 0 122
1853 0 109
1854 0 98
1855 0 92
1856 0 93
1857 0 78
1858 0 69
1859 0 64
1860 0 54
1861 0 57
1862 0 47
1863 0 51
1864 0 36
1865 0 35
1866 0 32
1867 0 25
1868 0 20
1869 0 21
1870 0 17
1871 0 15
1872 0 13
1873 0 12
1874 0 12
1875 0 12
1876 0 7
1877 0 8
1878 0 5
1879 0 5
1880 0 4
1881 0 3
1882 0 4
1883 0 4
1884 0 3
1885 0 4
1886 0 2
1887 0 2
1888 0 2
1889 0 1
1890 0 1
1891 0 1
1892 0 1
1893 0 1
1894 0 1
1895 0 1
1896 0 1
1897 0 1
1898 0 1
1899 0 1
1900 0 1
1901 0 1
1902 0 1
1903 0 1
1904 0 1
1905 0 1
1907 0 1
1913 0 1
2001 0 3629
2002 0 154
2003 0 167
2004 0 184
2005 0 198
2006 0 168
2007 0 157
2008 0 153
2009 0 156
2010 0 180
2011 0 184
2012 1 194
2013 6 223
2014 6 248
2015 5 228
2016 20 216
2017 22 237
2018 23 227
2019 18 214
2020 14 215
2021 8 223
2022 17 219
2023 23 213
2024 33 225
2025 25 216
2026 23 213
2027 17 213
2028 19 235
2029 14 235
2030 17 229
2031 18 233
2032 20 237
2033 20 232
2034 20 240
2035 23 223
2036 53 219
2037 38 203
2038 16 204
2039 10 204
2040 7 183
2041 11 203
2042 20 199
2043 12 215
2044 10 244
2045 5 263
2046 4 258
2047 5 286
2048 7 351
2049 6 339
2050 1 221
2051 2 136
2052 3 89
2053 1 80
2054 1 62
2055 0 63
2056 0 66
2057 0 60
2058 0 59
2059 0 56
2060 0 58
2061 0 51
2062 0 55
2063 0 51
2064 0 47
2065 0 38
2066 0 34
2067 0 39
2068 0 34
2069 0 30
2070 0 34
2071 0 34
2072 0 30
2073 0 25
2074 0 33
2075 0 33
2076 0 30
2077 0 29
2078 0 117
2079 0 23
2080 0 139
2081 0 23
2082 0 15
2083 0 19
2084 0 18
2085 0 29
2086 0 15
2087 0 14
2088 0 18
2089 0 16
2090 0 12
2091 0 15
2092 0 14
2093 0 16
2094 0 58
2095 0 31
2096 0 8
2097 0 6
2098 0 7
2099 0 11
2100 0 9
2101 0 7
2102 0 6
2103 0 26
2104 0 7
2105 0 5
2106 0 8
2107 0 9
2108 0 8
2109 0 7
2110 0 9
2111 0 10
2112 0 10
2113 0 7
2114 0 3
2115 0 5
2116 0 9
2117 0 4
2118 0 5
2119 0 3
2120 0 3
2121 0 7
2122 0 2
2123 0 3
2124 0 1
2125 0 3
2126 0 2
2127 0 2
2128 0 2
2129 0 2
2130 0 1
2131 0 1
2201 0 3306
2202 0 1026
2203 0 1347
2204 0 909
2205 0 697
2206 0 611
2207 0 594
2208 0 547
2209 0 526
2210 0 486
2211 0 445
2212 0 431
2213 0 376
2214 0 356
2215 0 336
2216 0 330
2217 0 310
2218 0 287
2219 1 304
2220 1 277
2221 0 283
2222 0 265
2223 0 249
2224 0 251
2225 0 234
2226 0 220
2227 0 216
2228 0 218
2229 0 233
2230 0 205
2231 0 209
2232 0 210
2233 0 231
2234 0 223
2235 0 237
2236 0 230
2237 0 236
2238 0 223
2239 0 219
2240 0 232
2241 0 208
2242 0 208
2243 0 206
2244 0 190
2245 0 191
2246 0 190
2247 0 171
2248 0 154
2249 0 155
2250 0 140
2251 0 132
2252 0 123
2253 0 115
2254 0 111
2255 0 94
2256 0 79
2257 0 72
2258 0 68
2259 0 67
2260 0 53
2261 0 44
2262 0 38
2263 0 34
2264 0 31
2265 0 32
2266 0 26
2267 0 23
2268 0 19
2269 0 18
2270 0 18
2271 0 11
2272 0 13
2273 0 11
2274 0 8
2275 0 7
2276 0 7
2277 0 6
2278 0 5
2279 0 4
2280 0 5
2281 0 3
2282 0 2
2283 0 2
2284 0 2
2285 0 1
2286 0 2
2287 0 3
2288 0 1
2289 0 1
2290 0 1
2291 0 1
2292 0 1
2293 0 1
2294 0 1
2295 0 1
2296 0 1
2298 0 1
2299 0 1
2301 0 1
2303 0 1
2305 0 1
2307 0 1
2308 0 1
2309 0 1
2312 0 1
2313 0 1
2317 0 1
2319 0 1
2323 0 1
2401 0 3828
2402 0 382
2403 0 441
2404 0 451
2405 0 439
2406 0 400
2407 0 404
2408 0 355
2409 5 372
2410 13 350
2411 27 330
2412 29 333
2413 19 306
2414 34 324
2415 26 357
2416 28 418
2417 38 432
2418 38 450
2419 31 481
2420 23 457
2421 25 443
2422 43 421
2423 17 347
2424 31 305
2425 18 257
2426 30 216
2427 8 194
2428 20 205
2429 20 184
2430 20 192
2431 17 203
2432 10 212
2433 9 229
2434 5 234
2435 3 253
2436 0 256
2437 0 298
2438 0 370
2439 0 305
2440 0 104
2441 0 88
2442 0 75
2443 0 74
2444 0 99
2445 0 91
2446 0 64
2447 0 57
2448 0 56
2449 0 110
2450 0 168
2451 0 77
2452 0 37
2453 0 28
2454 0 23
2455 0 32
2456 0 11
2457 0 5
2458 0 3
2459 0 4
2460 0 5
2461 0 3
2462 0 3
2463 0 3
2464 0 2
2465 0 1
2466 0 1
2601 0 3431
2602 0 976
2603 0 1396
2604 0 896
2605 0 652
2606 0 512
2607 0 446
2608 0 413
2609 0 385
2610 2 379
2611 5 363
2612 17 344
2613 28 343
2614 37 307
2615 22 309
2616 15 297
2617 17 292
2618 19 269
2619 14 261
2620 11 265
2621 13 273
2622 6 292
2623 7 289
2624 4 311
2625 5 306
2626 2 312
2627 3 306
2628 2 303
2629 1 289
2630 0 270
2631 0 258
2632 0 236
2633 0 224
2634 0 184
2635 0 174
2636 0 140
2637 0 120
2638 0 105
2639 0 83
2640 0 76
2641 0 64
2642 0 58
2643 0 43
2644 0 32
2645 0 31
2646 0 21
2647 0 20
2648 0 15
2649 0 17
2650 0 11
2651 0 11
2652 0 8
2653 0 6
2654 0 11
2655 0 8
2656 0 8
2657 0 14
2658 0 6
2659 0 9
2660 0 6
2661 0 6
2662 0 4
2663 0 2
2664 0 3
2665 0 1
2666 0 1
2667 0 1
2669 0 1
2670 0 1
2672 0 1
2675 0 1
2801 0 3631
2802 0 246
2803 0 223
2804 0 233
2805 0 192
2806 0 180
2807 0 177
2808 0 198
2809 2 204
2810 10 218
2811 10 224
2812 36 242
2813 8 252
2814 22 270
2815 23 307
2816 18 372
2817 36 417
2818 32 487
2819 30 451
2820 26 462
2821 16 417
2822 36 391
2823 23 368
2824 34 305
2825 21 282
2826 26 262
2827 24 221
2828 23 202
2829 56 213
2830 43 202
2831 20 206
2832 13 218
2833 10 247
2834 6 292
2835 4 297
2836 1 299
2837 0 401
2838 0 449
2839 0 523
2840 0 275
2841 0 164
2842 0 155
2843 0 151
2844 0 157
2845 0 151
2846 0 159
2847 0 142
2848 0 137
2849 0 122
2850 0 142
2851 0 99
2852 0 171
2853 0 102
2854 0 62
2855 0 38
2856 0 33
2857 0 15
2858 0 8
2859 0 7
2860 0 7
2861 0 9
2862 0 3
2863 0 6
2864 0 2
2865 0 8
2866 0 1
2867 0 2
2868 0 2
2869 0 3
2870 0 2
2871 0 1
2873 0 1
2874 0 1
3001 0 3431
3002 0 985
3003 0 1378
3004 0 954
3005 0 647
3006 0 518
3007 0 453
3008 0 416
3009 0 374
3010 3 377
3011 7 362
3012 12 349
3013 23 326
3014 34 306
3015 22 300
3016 19 302
3017 16 292
3018 17 269
3019 14 278
3020 11 265
3021 10 260
3022 10 276
3023 6 294
3024 3 318
3025 4 302
3026 2 303
3027 2 299
3028 0 303
3029 0 292
3030 0 265
3031 0 240
3032 0 249
3033 0 206
3034 0 193
3035 0 173
3036 0 146
3037 0 123
3038 0 109
3039 0 90
3040 0 79
3041 0 62
3042 0 56
3043 0 49
3044 0 39
3045 0 45
3046 0 36
3047 0 25
3048 0 21
3049 0 25
3050 0 20
3051 0 18
3052 0 16
3053 0 15
3054 0 13
3055 0 11
3056 0 10
3057 0 12
3058 0 6
3059 0 6
3060 0 7
3061 0 5
3062 0 8
3063 0 3
3064 0 3
3065 0 3
3066 0 1
3067 0 1
3068 0 2
3069 0 2
3070 0 3
3201 0 3827
3202 0 309
3203 0 410
3204 3 424
3205 8 407
3206 5 337
3207 8 300
3208 6 298
3209 12 282
3210 16 286
3211 18 258
3212 19 250
3213 16 242
3214 7 251
3215 19 262
3216 35 246
3217 14 243
3218 22 243
3219 13 228
3220 23 240
3221 18 224
3222 25 213
3223 28 203
3224 10 203
3225 9 190
3226 10 185
3227 14 165
3228 36 153
3229 27 150
3230 19 147
3231 10 138
3232 9 125
3233 12 126
3234 13 124
3235 15 113
3236 8 127
3237 3 121
3238 5 126
3239 9 118
3240 11 114
3241 4 116
3242 6 112
3243 5 120
3244 4 123
3245 4 121
3246 2 141
3247 2 127
3248 2 138
3249 1 129
3250 0 141
3251 0 169
3252 0 140
3253 0 134
3254 0 146
3255 0 145
3256 0 164
3257 0 175
3258 0 197
3259 0 228
3260 0 100
3261 0 56
3262 0 47
3263 0 47
3264 0 43
3265 0 40
3266 0 46
3267 0 96
3268 0 72
3269 0 41
3270 0 38
3271 0 34
3272 0 37
3273 0 32
3274 0 36
3275 0 135
3276 0 32
3277 0 31
3278 0 120
3279 0 27
3280 0 43
3281 0 16
3282 0 9
3283 0 9
3284 0 5
3401 0 3300
3402 0 522
3403 0 2060
3404 4 948
3405 11 607
3406 24 478
3407 14 387
3408 21 329
3409 39 340
3410 10 392
3411 52 413
3412 19 422
3413 31 416
3414 17 390
3415 16 354
3416 11 342
3417 14 312
3418 14 273
3419 13 240
3420 11 236
3421 8 218
3422 6 195
3423 5 198
3424 2 180
3425 6 162
3426 3 164
3427 0 168
3428 4 152
3429 2 138
3430 0 126
3431 1 122
3432 1 119
3433 2 119
3434 0 104
3435 0 113
3436 0 103
3437 0 83
3438 0 81
3439 0 72
3440 0 67
3441 0 67
3442 0 66
3443 0 62
3444 0 51
3445 0 50
3446 0 49
3447 0 38
3448 0 38
3449 0 33
3450 0 29
3451 0 27
3452 0 32
3453 0 25
3454 0 15
3455 0 18
3456 0 17
3457 0 14
3458 0 11
3459 0 10
3460 0 9
3461 0 12
3462 0 8
3463 0 6
3464 0 8
3465 0 6
3466 0 7
3467 0 5
3468 0 6
3469 0 5
3470 0 5
3471 0 6
3472 0 4
3473 0 5
3474 0 6
3475 0 4
3476 0 2
3477 0 1
3601 0 3630
3602 0 202
3603 0 214
3604 1 191
3605 4 180
3606 7 168
3607 5 163
3608 5 169
3609 15 190
3610 13 212
3611 20 245
3612 17 256
3613 7 261
3614 8 249
3615 18 268
3616 26 250
3617 17 238
3618 11 257
3619 18 235
3620 23 237
3621 15 221
3622 20 212
3623 26 201
3624 12 194
3625 13 181
3626 11 176
3627 12 170
3628 19 158
3629 47 230
3630 18 143
3631 5 140
3632 8 132
3633 11 131
3634 20 128
3635 18 134
3636 6 124
3637 6 134
3638 7 120
3639 7 120
3640 15 127
3641 5 129
3642 6 122
3643 8 129
3644 7 127
3645 3 129
3646 3 131
3647 3 129
3648 1 141
3649 0 166
3650 0 161
3651 0 157
3652 0 168
3653 0 196
3654 0 172
3655 0 216
3656 0 225
3657 0 226
3658 0 254
3659 0 291
3660 0 236
3661 0 113
3662 0 86
3663 0 88
3664 0 90
3665 0 70
3666 0 81
3667 0 85
3668 0 134
3669 0 119
3670 0 79
3671 0 73
3672 0 67
3673 0 71
3674 0 66
3675 0 63
3676 0 59
3677 0 139
3678 0 46
3679 0 48
3680 0 159
3681 0 39
3682 0 42
3683 0 18
3684 0 18
3685 0 13
3686 0 7
3687 0 1
3801 0 3300
3802 0 520
3803 0 2060
3804 4 943
3805 12 631
3806 20 455
3807 12 383
3808 21 345
3809 38 313
3810 12 379
3811 51 418
3812 19 435
3813 35 405
3814 14 394
3815 14 367
3816 12 328
3817 12 306
3818 14 272
3819 14 259
3820 10 222
3821 5 223
3822 4 205
3823 7 193
3824 5 172
3825 5 177
3826 1 158
3827 2 160
3828 2 144
3829 2 141
3830 1 130
3831 1 128
3832 1 124
3833 1 121
3834 1 101
3835 1 104
3836 0 96
3837 0 94
3838 0 92
3839 0 84
3840 0 87
3841 0 75
3842 0 82
3843 0 69
3844 0 58
3845 0 61
3846 0 60
3847 0 55
3848 0 50
3849 0 44
3850 0 47
3851 0 39
3852 0 34
3853 0 35
3854 0 32
3855 0 27
3856 0 19
3857 0 17
3858 0 22
3859 0 24
3860 0 13
3861 0 14
3862 0 10
3863 0 14
3864 0 6
3865 0 8
3866 0 6
3867 0 5
3868 0 5
3869 0 5
3870 0 4
3871 0 3
3872 0 4
3873 0 3
3874 0 4
3875 0 2
3876 0 2
3877 0 1
3878 0 2
3879 0 1
3882 0 1
4001 0 3337
4002 0 191
4003 0 202
4004 0 146
4005 0 120
4006 0 118
4007 0 131
4008 0 236
4009 0 173
4010 0 233
4011 0 492
4012 0 666
4013 3 1020
4014 7 468
4015 21 273
4016 10 222
4017 54 214
4018 64 256
4019 14 328
4020 15 413
4021 25 492
4022 24 540
4023 26 579
4024 15 535
4025 40 486
4026 25 430
4027 31 385
4028 29 364
4029 29 354
4030 26 332
4031 16 305
4032 16 277
4033 12 255
4034 7 220
4035 4 210
4036 2 175
4037 1 164
4038 0 136
4039 0 121
4040 0 104
4041 0 87
4042 0 70
4043 0 65
4044 0 54
4045 0 47
4046 0 51
4047 0 39
4048 0 29
4049 0 24
4050 0 29
4051 0 24
4052 0 12
4053 0 11
4054 0 7
4055 0 6
4056 0 9
4057 0 4
4058 0 2
4059 0 2
4060 0 2
4061 0 1
4062 0 1
4201 0 3346
4202 0 22
4203 0 145
4204 0 54
4205 0 119
4206 0 327
4207 0 586
4208 0 625
4209 0 690
4210 6 995
4211 14 1295
4212 29 990
4213 91 668
4214 96 657
4215 48 571
4216 37 548
4217 20 529
4218 13 509
4219 13 536
4220 8 522
4221 6 502
4222 3 442
4223 0 392
4224 0 337
4225 0 278
4226 0 226
4227 0 163
4228 0 123
4229 0 85
4230 0 59
4231 0 38
4232 0 20
4233 0 14
4234 0 10
4235 0 5
4236 0 3
4237 0 2
4238 0 3
4239 0 1
4240 0 1
4241 0 2
4242 0 1
4401 0 3444
4402 0 313
4403 0 314
4404 0 187
4405 0 187
4406 0 190
4407 0 173
4408 0 164
4409 0 170
4410 0 181
4411 0 341
4412 0 451
4413 4 516
4414 17 549
4415 21 458
4416 51 276
4417 17 283
4418 10 333
4419 13 430
4420 16 503
4421 22 558
4422 29 565
4423 34 544
4424 31 498
4425 42 462
4426 45 400
4427 32 375
4428 31 342
4429 23 321
4430 16 284
4431 13 299
4432 8 248
4433 7 211
4434 6 186
4435 1 189
4436 2 159
4437 0 154
4438 0 123
4439 0 108
4440 0 83
4441 0 78
4442 0 73
4443 0 58
4444 0 54
4445 0 40
4446 0 39
4447 0 33
4448 0 30
4449 0 18
4450 0 17
4451 0 16
4452 0 14
4453 0 10
4454 0 6
4455 0 9
4456 0 3
4457 0 3
4458 0 2
4459 0 1
4460 0 1
4461 0 1
4601 0 3288
4602 0 189
4603 0 360
4604 0 306
4605 0 405
4606 0 363
4607 0 331
4608 0 312
4609 0 278
4610 0 272
4611 0 296
4612 0 296
4613 0 313
4614 0 338
4615 1 348
4616 3 403
4617 15 464
4618 35 494
4619 64 537
4620 85 623
4621 78 757
4622 78 1243
4623 58 773
4624 23 540
4625 6 567
4626 1 566
4627 0 547
4628 0 512
4629 0 449
4630 0 378
4631 0 274
4632 0 209
4633 0 144
4634 0 165
4635 0 53
4636 0 29
4637 0 16
4638 0 12
4639 0 7
4640 0 6
4641 0 4
4642 0 2
4643 0 1
4644 0 1
4645 0 1
4801 0 3371
4802 0 182
4803 0 149
4804 0 217
4805 0 242
4806 0 282
4807 0 283
4808 0 243
4809 0 216
4810 0 214
4811 0 217
4812 0 232
4813 1 236
4814 4 238
4815 12 256
4816 14 272
4817 51 307
4818 31 358
4819 32 405
4820 42 483
4821 37 530
4822 55 598
4823 80 605
4824 38 560
4825 82 511
4826 62 491
4827 57 455
4828 38 478
4829 33 465
4830 51 574
4831 34 672
4832 19 800
4833 8 490
4834 4 234
4835 0 98
4836 0 58
4837 0 35
4838 0 27
4839 0 12
4840 0 12
4841 0 5
4842 0 4
4843 0 3
4844 0 2
4845 0 3
4846 0 1
4847 0 1
4848 0 1
4849 0 1
5001 0 4030
5002 0 1380
5003 0 1028
5004 0 740
5005 0 632
5006 0 610
5007 0 569
5008 0 537
5009 0 489
5010 0 455
5011 0 449
5012 0 429
5013 0 409
5014 0 396
5015 1 386
5016 3 364
5017 9 343
5018 5 311
5019 2 357
5020 0 304
5021 0 350
5022 0 341
5023 0 296
5024 0 313
5025 0 322
5026 0 344
5027 0 369
5028 0 395
5029 0 394
5030 0 410
5031 0 417
5032 0 406
5033 0 360
5034 0 335
5035 0 298
5036 0 270
5037 0 208
5038 0 160
5039 0 123
5040 0 91
5041 0 75
5042 0 47
5043 0 31
5044 0 21
5045 0 12
5046 0 11
5047 0 6
5048 0 3
5049 0 1
5050 0 1
5051 0 1
5052 0 1
5053 0 1
5201 0 3308
5202 0 115
5203 0 91
5204 0 147
5205 0 132
5206 0 202
5207 0 148
5208 0 130
5209 0 130
5210 0 124
5211 0 119
5212 0 132
5213 0 136
5214 2 134
5215 9 145
5216 14 140
5217 13 177
5218 23 224
5219 45 335
5220 49 359
5221 32 438
5222 47 516
5223 32 558
5224 82 568
5225 36 545
5226 58 495
5227 106 476
5228 65 450
5229 46 422
5230 37 469
5231 35 503
5232 46 680
5233 27 868
5234 16 697
5235 9 339
5236 5 204
5237 0 85
5238 0 34
5239 0 28
5240 0 26
5241 0 20
5242 0 9
5243 0 7
5244 0 5
5245 0 5
5246 0 4
5247 0 3
5248 0 2
5249 0 1
5250 0 1
5251 0 1
5401 0 3309
5402 0 524
5403 0 756
5404 0 1930
5405 0 1140
5406 0 806
5407 0 698
5408 0 630
5409 0 556
5410 0 505
5411 0 512
5412 0 457
5413 0 429
5414 0 445
5415 1 404
5416 3 415
5417 6 370
5418 4 331
5419 1 331
5420 0 346
5421 0 315
5422 0 311
5423 0 322
5424 0 297
5425 0 333
5426 0 334
5427 0 357
5428 0 377
5429 0 389
5430 0 394
5431 0 407
5432 0 393
5433 0 381
5434 0 357
5435 0 328
5436 0 272
5437 0 227
5438 0 192
5439 0 150
5440 0 113
5441 0 80
5442 0 52
5443 0 42
5444 0 26
5445 0 15
5446 0 11
5447 0 7
5448 0 4
5449 0 3
5450 0 3
5451 0 1
5452 0 1
5453 0 1
5601 0 3825
5602 0 358
5603 0 358
5604 0 372
5605 0 388
5606 0 425
5607 0 440
5608 2 398
5609 9 414
5610 16 432
5611 27 419
5612 33 461
5613 40 460
5614 46 451
5615 59 487
5616 108 559
5617 76 685
5618 70 714
5619 67 690
5620 45 668
5621 19 408
5622 6 405
5623 2 398
5624 0 376
5625 0 332
5626 0 297
5627 0 262
5628 0 219
5629 0 184
5630 0 155
5631 0 110
5632 0 91
5633 0 70
5634 0 59
5635 0 72
5636 0 24
5637 0 18
5638 0 21
5639 0 11
5640 0 10
5641 0 10
5642 0 7
5643 0 7
5644 0 5
5645 0 7
5646 0 6
5647 0 5
5648 0 4
5649 0 3
5650 0 2
5651 0 2
5652 0 1
5653 0 1
5654 0 1
5801 0 4031
5802 0 1798
5803 0 1028
5804 0 819
5805 0 799
5806 0 722
5807 0 699
5808 2 638
5809 10 631
5810 33 596
5811 35 544
5812 24 505
5813 15 493
5814 8 463
5815 7 475
5816 4 491
5817 1 499
5818 0 479
5819 0 458
5820 0 441
5821 0 386
5822 0 337
5823 0 276
5824 0 219
5825 0 181
5826 0 145
5827 0 103
5828 0 82
5829 0 59
5830 0 38
5831 0 22
5832 0 16
5833 0 16
5834 0 8
5835 0 7
5836 0 20
5837 0 2
5838 0 1
5839 0 1
5840 0 1
5841 0 1
6001 0 3632
6002 0 193
6003 0 217
6004 0 228
6005 0 221
6006 0 203
6007 0 224
6008 2 243
6009 7 262
6010 12 287
6011 16 326
6012 25 358
6013 25 383
6014 40 429
6015 55 494
6016 83 557
6017 150 608
6018 111 756
6019 77 854
6020 51 879
6021 58 512
6022 18 382
6023 4 355
6024 0 344
6025 0 316
6026 0 313
6027 0 283
6028 0 254
6029 0 209
6030 0 194
6031 0 159
6032 0 139
6033 0 121
6034 0 99
6035 0 83
6036 0 74
6037 0 89
6038 0 70
6039 0 70
6040 0 57
6041 0 44
6042 0 47
6043 0 39
6044 0 32
6045 0 32
6046 0 24
6047 0 22
6048 0 18
6049 0 8
6050 0 13
6051 0 6
6052 0 10
6053 0 6
6054 0 4
6055 0 3
6056 0 5
6057 0 3
6058 0 2
6059 0 2
6060 0 5
6061 0 2
6201 0 4029
6202 0 1769
6203 0 1092
6204 0 826
6205 0 752
6206 0 738
6207 0 659
6208 0 641
6209 13 596
6210 38 608
6211 22 537
6212 24 489
6213 19 488
6214 9 490
6215 4 503
6216 4 536
6217 1 530
6218 0 524
6219 0 465
6220 0 445
6221 0 365
6222 0 301
6223 0 237
6224 0 179
6225 0 135
6226 0 108
6227 0 66
6228 0 47
6229 0 31
6230 0 21
6231 0 15
6232 0 10
6233 0 8
6234 0 5
6235 0 2
6236 0 19
6237 0 2
6241 0 1
6401 0 3833
6402 0 643
6403 0 713
6404 10 707
6405 74 767
6406 83 789
6407 106 901
6408 128 1251
6409 180 1958
6410 122 844
6411 38 556
6412 13 417
6413 2 267
6414 0 190
6415 0 123
6416 0 96
6417 0 85
6418 0 62
6419 0 142
6420 0 89
6421 0 14
6422 0 11
6423 0 16
6424 0 11
6425 0 7
6426 0 6
6427 0 6
6428 0 3
6429 0 2
6430 0 2
6431 0 2
6432 0 2
6433 0 1
6434 0 2
6601 0 4009
6602 0 2209
6603 0 1085
6604 2 793
6605 20 737
6606 65 656
6607 79 613
6608 53 589
6609 40 585
6610 25 618
6611 24 680
6612 13 650
6613 7 609
6614 5 522
6615 3 424
6616 1 317
6617 1 214
6618 0 135
6619 0 81
6620 0 52
6621 0 33
6622 0 34
6623 0 12
6624 0 6
6625 0 6
6626 0 4
6627 0 3
6628 0 2
6801 0 3635
6802 0 369
6803 0 394
6804 9 408
6805 72 424
6806 96 539
6807 81 742
6808 121 1446
6809 202 1906
6810 163 1060
6811 65 685
6812 28 599
6813 4 430
6814 0 367
6815 0 293
6816 0 218
6817 0 179
6818 0 129
6819 0 138
6820 0 133
6821 0 52
6822 0 44
6823 0 25
6824 0 20
6825 0 19
6826 0 11
6827 0 31
6828 0 6
6829 0 10
6830 0 5
6831 0 5
6832 0 3
6833 0 1
6834 0 1
7001 0 4009
7002 0 2222
7003 0 1120
7004 6 815
7005 24 702
7006 64 640
7007 69 621
7008 58 588
7009 39 567
7010 25 634
7011 17 653
7012 12 650
7013 8 611
7014 6 492
7015 3 402
7016 2 291
7017 1 203
7018 0 135
7019 0 95
7020 0 59
7021 0 35
7022 0 36
7023 0 20
7024 0 14
7025 0 12
7026 0 11
7027 0 4
7028 0 3
7029 0 2
7030 0 2
7031 0 1
7032 0 1
7201 0 3855
7202 23 1019
7203 47 871
7204 64 1050
7205 106 1194
7206 105 1078
7207 66 847
7208 69 598
7209 51 469
7210 29 402
7211 8 362
7212 1 317
7213 0 305
7214 0 275
7215 0 283
7216 0 262
7217 0 237
7218 0 248
7219 0 268
7220 0 317
7221 0 128
7222 0 96
7223 0 54
7224 0 62
7225 0 45
7226 0 33
7227 0 31
7228 0 27
7229 0 21
7230 0 18
7231 0 17
7232 0 18
7233 0 11
7234 0 21
7235 0 130
7236 0 21
7237 0 138
7238 0 8
7239 0 47
7240 0 5
7241 0 28
7242 0 11
7243 0 56
7244 0 1
7245 0 15
7401 0 3744
7402 37 2856
7403 75 1327
7404 66 969
7405 100 1230
7406 44 1186
7407 33 890
7408 19 675
7409 18 533
7410 13 395
7411 5 291
7412 1 216
7413 0 159
7414 0 129
7415 0 110
7416 0 93
7417 0 87
7418 0 62
7419 0 49
7420 0 39
7421 0 23
7422 0 17
7423 0 17
7424 0 8
7425 0 6
7426 0 5
7427 0 2
7428 0 1
7601 0 3640
7602 22 546
7603 51 520
7604 61 998
7605 120 1208
7606 107 1084
7607 74 937
7608 66 659
7609 53 549
7610 37 469
7611 9 432
7612 0 383
7613 0 340
7614 0 313
7615 0 337
7616 0 350
7617 0 373
7618 0 376
7619 0 443
7620 0 274
7621 0 134
7622 0 97
7623 0 80
7624 0 71
7625 0 75
7626 0 53
7627 0 41
7628 0 44
7629 0 36
7630 0 28
7631 0 23
7632 0 25
7633 0 136
7634 0 28
7635 0 149
7636 0 37
7637 0 23
7638 0 22
7639 0 20
7640 0 14
7641 0 50
7642 0 6
7643 0 15
7801 0 3744
7802 34 2812
7803 81 1360
7804 59 992
7805 101 1175
7806 60 1111
7807 28 867
7808 27 670
7809 18 565
7810 8 425
7811 8 328
7812 1 253
7813 0 194
7814 0 158
7815 0 139
7816 0 99
7817 0 93
7818 0 80
7819 0 46
7820 0 39
7821 0 25
7822 0 18
7823 0 18
7824 0 8
7825 0 6
7826 0 5
7827 0 2
7828 0 1
7830 0 1
